54,88
54,86
54,85
54,84
54,83
54,81
54,80
54,78
54,76
54,74
54,73
54,69
54,68
54,65
54,62
54,60
54,56
54,54
54,53
54,51
54,49
54,48
54,43
54,42
54,40
54,39
54,37
54,35
54,30
54,29
54,28
54,25
54,24
54,23
54,18
54,17
54,16
54,14
54,12
54,11
54,10
54,5
54,2
54,1
54,0
44,18
44,12
44,11
44,10
44,9
18,1
44,8
18,3
14,1
14,5
14,3
44,7
44,1
44,4
43,267
43,266
43,265
43,262
43,260
43,256
43,201
43,200
43,199
43,197
43,196
43,195
43,194
43,193
43,192
43,139
43,138
43,137
43,136
43,135
43,134
43,133
43,130
43,129
43,100
43,99
43,98
43,97
43,96
43,95
43,94
43,93
43,92
43,91
43,90
43,89
43,88
43,87
43,86
43,85
43,84
43,83
43,82
43,81
43,80
43,79
43,78
43,77
43,76
43,75
43,74
43,73
43,72
43,71
43,70
43,69
43,68
43,67
43,66
43,65
43,64
43,63
43,62
43,60
43,58
43,56
43,55
43,54
43,53
43,51
43,50
43,49
43,48
43,45
43,42
43,40
43,39
43,38
43,37
43,36
43,35
43,33
43,32
43,31
43,29
43,28
43,27
43,25
43,24
43,23
2,2
2,1
43,22
2,3
43,21
43,20
43,18
43,17
43,16
43,15
43,14
43,12
43,11
43,10
43,9
43,8
43,5
43,4
43,2
43,1
43,0
13,1
13,3
